[0.10354570970209012, 23.26048946590487]
[0.1036889956732984, 23.23374820410473]
[0.10378318685261254, 23.216831021017505]
[0.10534617723761805, 22.86893406118401]
[0.10586990643834289, 22.74808223174541]
[0.8557223531609296, 1.4109610284876026]
[0.21386299343942491, 5.855025862025432]
[0.43491352552202855, 2.649916459728761]
[0.18898370728548666, 7.043493823481766]
[0.2477228988858808, 4.554612652308554]
[0.1859161832810766, 7.350535777095733]
[0.7822388744841664, 1.5359900779241673]
[0.17076197740422194, 9.052196630796212]
[0.6330530368906769, 1.8618979411514422]
[0.26166760134476685, 4.3363837435784784]
[0.41051416306829397, 2.8009224462661733]
[0.3610571750537376, 3.167541717680779]
[0.23875052092659993, 4.854875693444597]
[0.3927762675406094, 2.918411725115241]
[0.27188457433150975, 4.164559018879911]
[0.20532159376902923, 6.22712650244509]
[0.7971767082554044, 1.5084619825864078]
[0.33916535933149133, 3.357102440637544]
[0.6845252448561465, 1.731244171107361]
[0.2017457736890073, 6.402440156642684]
[0.12556776330029054, 16.974343741777638]
[0.6168665162377072, 1.9079932686422687]
[0.22993916086911517, 5.170826595571408]
[0.18093762928146878, 7.808831491101042]
[0.22173006392487796, 5.50704048485588]
[0.6672729531267504, 1.7760491579163078]
[0.45603811946268186, 2.532746045063029]
[0.32973795574948883, 3.4523540421633405]
[0.11908151017813182, 18.739341499096195]
[0.2941313628269828, 3.851129928776656]
[0.4671030035132902, 2.4781452487797164]
[0.12129869486194304, 17.86328335053607]
[0.12099239379194156, 18.264718813852724]
[0.8417490376343575, 1.434011372785422]
[0.12823016570289236, 16.411845881934827]
[0.48207848248487123, 2.406743933449302]
[0.8197271570413274, 1.4694829945008139]
[0.301544914939249, 3.7693504382350547]
[0.1675504622624087, 9.42740449388333]
[0.16618783250372798, 9.617011081829327]
[0.17649756659417257, 8.245369227842703]
[0.42519391894827974, 2.7010656398254675]
[0.17363697413399004, 8.728252971984617]
[0.5240032964811835, 2.22216151476868]
[0.14725213818579688, 12.440696431739998]
[0.5938734545663839, 1.977066652844514]
[0.12398872847866105, 17.121460233870277]
[0.11099263454424223, 20.925767355443732]
[0.5686312325076255, 2.055079666270282]
[0.7595652873943946, 1.574660450647031]
[0.7026400243865674, 1.6905454045830415]
[0.7347306300921794, 1.6242577658719386]
[0.5226616614222914, 2.225478533753032]
[0.1388944013365671, 13.922357165656011]
[0.1420636031104341, 13.402445203462383]
[0.2826577507805223, 4.014990896732618]
[0.13056644844413792, 15.723242461686345]
[0.12292537255475035, 17.712751192344236]
[0.16258799218602707, 9.894799861529979]
[0.16463224672191396, 9.78489810459204]
[0.16003175489600038, 10.468722398151863]
[0.3126382083875569, 3.631374738110128]
[0.11690896734064055, 19.138058444601995]
[0.12916662990989947, 16.16500607768505]
[0.13549199277305832, 14.707632852017479]
[0.1522887783544407, 11.617248685649718]
[0.5020372163511501, 2.3147862478908015]
[0.743613419320772, 1.607749014720912]
[0.13238133152327056, 15.27549570691129]
[0.37414357746134785, 3.057605904547127]
[0.35331415902752383, 3.225506767490532]
[0.5756405387822474, 2.032024303242194]
[0.1093745288185266, 21.851477962015604]
[0.1567091271343541, 11.029148852231785]
[0.14549561672116873, 12.627321555387905]
[0.15585343373613728, 11.082448682499189]
[0.1507393964232965, 12.018500896113077]
[0.7257477532376699, 1.6414251846284436]
[0.31505471066062485, 3.6081015011764643]
[0.11500855491196837, 19.546865120775767]
[0.7074735212258411, 1.682912537698302]
[0.13696151575837712, 14.31966656519675]
[0.6586297367566989, 1.792896920485422]
[0.5526586257571154, 2.112073073083434]
[0.6397249776300316, 1.8423856732999633]
[0.14376244562938806, 13.121939692058376]
[0.514369944839601, 2.259497373214222]
[0.19553438955756192, 6.676612997030902]
[0.106867641771923, 22.54412975661537]
[0.11296847883391964, 20.057396096723583]
[0.48434462385488164, 2.395600871765768]
[0.1100563662500133, 21.48419770377608]
[0.11237799964121367, 20.562910956033875]
[0.3753731410139102, 3.0459001183083703]
[0.5425150147974739, 2.2075687264625303]
