[0.10354570970209012, 1.408523889765111]
[0.1036889956732984, 1.4090840170099197]
[0.10378318685261254, 1.409516711979791]
[0.10534617723761805, 1.409154780844891]
[0.10586990643834289, 1.4083373375266166]
[0.8557223531609296, 0.20739089151577678]
[0.21386299343942491, 0.25217335751800796]
[0.43491352552202855, 0.15248450983948805]
[0.18898370728548666, 0.3311055750040113]
[0.2477228988858808, 0.12828184953218533]
[0.1859161832810766, 0.366583556748641]
[0.7822388744841664, 0.20151114977424778]
[0.17076197740422194, 0.545770996526597]
[0.6330530368906769, 0.17868014602641935]
[0.26166760134476685, 0.1346911326926211]
[0.41051416306829397, 0.14981833384815674]
[0.3610571750537376, 0.14366366445068562]
[0.23875052092659993, 0.15910410084378557]
[0.3927762675406094, 0.14628286453751538]
[0.27188457433150975, 0.13227935612661437]
[0.20532159376902923, 0.27856353808338663]
[0.7971767082554044, 0.2025107578066538]
[0.33916535933149133, 0.13861285559145922]
[0.6845252448561465, 0.18508034013304278]
[0.2017457736890073, 0.29166524289944756]
[0.12556776330029054, 1.1314303771453023]
[0.6168665162377072, 0.1769771606323521]
[0.22993916086911517, 0.18897552838539317]
[0.18093762928146878, 0.41291145745829944]
[0.22173006392487796, 0.22107643874398522]
[0.6672729531267504, 0.18510956650109278]
[0.45603811946268186, 0.15502874346708842]
[0.32973795574948883, 0.13837216438642444]
[0.11908151017813182, 1.2315090854561115]
[0.2941313628269828, 0.13273809437485903]
[0.4671030035132902, 0.15754908884719532]
[0.12129869486194304, 1.1667929563691022]
[0.12099239379194156, 1.2098920512247526]
[0.8417490376343575, 0.20707769299885295]
[0.12823016570289236, 1.1044937169308346]
[0.48207848248487123, 0.16023946316690937]
[0.8197271570413274, 0.20457511740272866]
[0.301544914939249, 0.13662845727381054]
[0.1675504622624087, 0.5795659808848611]
[0.16618783250372798, 0.598230226853548]
[0.17649756659417257, 0.45528760438470883]
[0.42519391894827974, 0.14847668473393316]
[0.17363697413399004, 0.5155474355314147]
[0.5240032964811835, 0.16441995905240847]
[0.14725213818579688, 0.8319191500941284]
[0.5938734545663839, 0.17412740303276905]
[0.12398872847866105, 1.122868084095534]
[0.11099263454424223, 1.3226060486406004]
[0.5686312325076255, 0.16858248353263017]
[0.7595652873943946, 0.1960574177442988]
[0.7026400243865674, 0.1878448643028276]
[0.7347306300921794, 0.19339193175120517]
[0.5226616614222914, 0.16317230791100482]
[0.1388944013365671, 0.9337374637176571]
[0.1420636031104341, 0.9039996560940211]
[0.2826577507805223, 0.13486829627471406]
[0.13056644844413792, 1.0529279262484503]
[0.12292537255475035, 1.1773465392885136]
[0.16258799218602707, 0.6087756425687377]
[0.16463224672191396, 0.6109097589039848]
[0.16003175489600038, 0.6753280168953081]
[0.3126382083875569, 0.13530649210658416]
[0.11690896734064055, 1.2374106496632449]
[0.12916662990989947, 1.0879793575276202]
[0.13549199277305832, 0.9927664840943472]
[0.1522887783544407, 0.7691766101773276]
[0.5020372163511501, 0.162108844339021]
[0.743613419320772, 0.19554374224621943]
[0.13238133152327056, 1.0221904613589197]
[0.37414357746134785, 0.14398361159420267]
[0.35331415902752383, 0.13961721099350408]
[0.5756405387822474, 0.16971556473695745]
[0.1093745288185266, 1.389995106083875]
[0.1567091271343541, 0.7283682896681063]
[0.14549561672116873, 0.8372199372376709]
[0.15585343373613728, 0.7272376813720293]
[0.1507393964232965, 0.8116615709929333]
[0.7257477532376699, 0.19126063985182046]
[0.31505471066062485, 0.13674937448731708]
[0.11500855491196837, 1.2480567105995795]
[0.7074735212258411, 0.19061605896053369]
[0.13696151575837712, 0.9612432379239007]
[0.6586297367566989, 0.1808552267712097]
[0.5526586257571154, 0.16725540206889838]
[0.6397249776300316, 0.17862013363770962]
[0.14376244562938806, 0.8864421415316516]
[0.514369944839601, 0.1622175392254225]
[0.19553438955756192, 0.30550744668652124]
[0.106867641771923, 1.4092379828897206]
[0.11296847883391964, 1.2658535264162603]
[0.48434462385488164, 0.16029640314181753]
[0.1100563662500133, 1.3644727310744749]
[0.11237799964121367, 1.3108188000394834]
[0.3753731410139102, 0.14334909462405362]
[0.5425150147974739, 0.1976391803032602]
