[2.580912413181725E-4, 9.61813436882857E-7, 0.19124121450612627, 1.2807097662222107]
[2.234891742133597E-10, 0.1862869369371629, 0.21257984168352304, 1.2385430866876215]
[1.2162231598713396E-10, 0.3424822909560612, 0.016118300425029375, 0.6472211111333056]
[0.0258843920474798, 2.1231782881889767E-9, 0.13953296414203098, 0.2694320912229509]
[3.6592064827080584E-11, 0.5017156816969462, 0.13374053159469648, 0.08990573225936306]
[0.08824926458153062, 0.01117581063739415, 1.7259515622258973E-10, 0.02488876260385459]
[0.03755314392833619, 1.8566114453236133E-9, 0.26368682934561183, 0.018483177682652823]
[2.8856718382095224E-9, 3.7231233228677193E-6, 1.3048391388494567, 0.010255395745049715]
[0.06552136600491093, 2.1899866175180248E-9, 0.09694540352412472, 0.005609549612695969]
[8.636664095031594E-8, 3.430992213616355, 0.0020702995960640617, 0.0017278735246815536]
[3.2575211054043205, 0.0011068007306630535, 0.0020032590885739007, 1.4116718015363064E-6]
[0.10926597468330095, 3.815440322247363E-4, 0.23724657382549358, 3.3177188491215603E-9]
[0.04072875204870326, 0.8588784979458601, 0.026750485325889483, 1.6993886740431976E-9]
[0.16692505399772295, 0.542853109828949, 2.1602656110560178E-4, 8.736882377474995E-10]
[1.5069987499157548E-5, 2.3465214265155794, 5.827386868018134E-6, 0.012696584017794122]
[0.001003398296106875, 1.9869708177446588E-5, 3.177723591778285E-4, 0.7627694828524707]
[2.3690534613097016, 0.03271404624646075, 2.5488730872006203E-5, 1.4714112507703524E-5]
[3.036650008014475E-4, 2.080312963673178, 1.2890762730917936E-4, 6.678813810328378E-5]
[1.5933844979507308, 9.894371170734131E-5, 1.2393034948228305E-4, 0.0017390063837528812]
[6.875420083765045E-5, 2.7070887477065915, 0.0034492668870975776, 1.4109623690356783E-5]
[0.040363141140801084, 1.4469919974997498, 0.050734748320084726, 5.71301423035528E-9]
[3.3861903869260365E-9, 0.03652991549751063, 1.132637152468249, 4.231385124506999E-4]
[1.111116610871299, 0.028220736005943964, 9.308393050929351E-7, 3.4701970502379445E-4]
[0.02309177792568757, 2.3239043065699806E-4, 6.94432388925477E-10, 1.0039169240486283]
[0.0017357865973478643, 1.247702574956523, 9.343569295614933E-8, 0.0017517836197029114]
[1.0585866589504378, 2.9937698570789378E-5, 6.480610771699314E-7, 0.38462803308745525]
[4.191330728942064E-6, 1.8027711400172462E-8, 0.41917992161158685, 0.0010328642753833365]
[0.002443929517904054, 8.619939301699375E-4, 4.5563533001140186E-4, 0.31166331709229794]
[0.010436055548591804, 1.2538502789118964E-6, 2.6033417376481767E-4, 1.076242482066496]
[0.03193700868191832, 5.61386150350834E-4, 5.6985137448245484E-5, 0.46111468139109185]
[0.06712193259464938, 1.6605742693861807E-7, 0.002157240798082864, 0.21474498508297762]
[0.0020766988678651895, 1.6506604599544692, 2.573705990041513E-4, 1.0328758345605953E-5]
[4.189863309906477E-6, 9.204409021248094E-4, 0.0018604154101069862, 0.146785033240945]
[0.5151560098870139, 1.9453295497163165E-6, 2.219468222389407E-4, 0.0011284552620203058]
[0.007476395195928689, 7.338307097761164E-8, 0.051130282271273114, 0.35542995093788093]
[0.01775363960352634, 0.5344625685338291, 4.2741442920601544E-4, 1.172444603554395E-7]
[1.0086057876102453E-7, 1.7925918999321733, 9.432813328135726E-4, 0.11254643975331208]
[0.5865494456078524, 0.1576551757933088, 0.0017045859534573064, 1.3810901532657665E-6]
[0.9264242759957112, 0.0043376340615442315, 1.3868635477153633E-5, 0.0017911325356589662]
[5.231687655591542E-4, 0.3381086308428322, 3.2111967853057214E-4, 4.136427844539208E-6]
[0.030222827872172276, 5.0287240507539135E-9, 0.0724179328757312, 0.10518605576932837]
[3.986697626909576E-4, 0.23430624297788408, 4.36065862957022E-4, 1.723531507054137E-5]
[2.595057216370227E-4, 0.7397580084655904, 0.011424981366691943, 3.294172614364398E-5]
[0.55162805238461, 1.4522485637854715E-4, 1.1101825045751813E-4, 2.485627194359456E-5]
[2.0052713213689484, 0.0506193060590169, 2.8659986003800133E-4, 5.755119497286348E-6]
[3.102933930818958E-4, 1.0906958083723058E-5, 0.03293070100905742, 0.046035988403796975]
[5.39909188421033E-7, 1.1547994330270277, 0.11379862550596972, 0.001102071204181927]
[0.7365558271306627, 0.0029509092198658922, 0.013193880101968581, 1.4571470429516856E-5]
[0.34579433808059, 1.849747422555456E-5, 2.9821110591888634E-4, 0.06037920323296732]
[1.8338923153453968, 0.13969927771813248, 0.0017300336431247114, 2.4100513941441328E-5]
[0.2693559294267712, 0.11488618168772796, 2.999230115350804E-7, 4.5312015363305625E-4]
[1.0773407433411435E-6, 0.00875477409270697, 0.0010434579636308208, 0.0648139580248958]
[0.2780602752230915, 0.045291191498405534, 2.943486707449025E-6, 5.3579726112770466E-5]
[0.2277610691434405, 2.565317814290478E-4, 0.008527449252897886, 2.4996730530732633E-5]
[2.371690127254839E-5, 0.009980272531862438, 0.33535180825005634, 7.50903063423909E-7]
[1.8354091633778443E-4, 0.8129812467904886, 1.0954588098464249E-5, 0.017545207678913523]
[0.12364618227033425, 3.2600723289143906E-4, 5.0421327086698125E-6, 0.01169892001508035]
[2.0076941928088172, 0.003485169168189944, 4.659741401749384E-6, 0.051109757670289926]
[0.31137879448554406, 2.9470080077434273E-4, 4.041998569228836E-5, 7.456929780421951E-5]
[8.51665031404872E-4, 0.1537035816972705, 1.4836482316428079E-5, 0.024309246393495396]
[0.03787314212299464, 0.0038108009921008984, 6.736913600078273E-7, 0.09222066726485705]
[0.018097749799566538, 0.005059827437533107, 1.3887451597339631E-6, 0.052954096165033146]
[0.3007024944678414, 0.0016129687622394755, 1.2113647427750861E-6, 0.251636378652604]
[0.017813842076252372, 2.8338180887769467E-4, 0.40246553246659383, 7.091514636928625E-7]
[0.036757985090933254, 0.6227337494236873, 1.3195083017760863E-4, 2.4864143448317483E-4]
[1.9519066798322505E-7, 0.09818400525586767, 0.008015057150709694, 0.012884476829290887]
[0.41724014865841924, 0.019767057397494098, 1.3865887772111518E-6, 0.010300860836925559]
[0.0048088575899388865, 0.2614968955201444, 5.5945446928025304E-8, 0.05275808654033302]
[0.12010554650909364, 0.7919957299368149, 0.12945808979318368, 7.156787575954169E-8]
[1.4486084980297943E-5, 0.3952429300606587, 0.07314872440122028, 1.1615837387652346E-4]
[0.0038019127008659392, 3.1720106663857403E-4, 0.36514934202858684, 6.709992760437848E-6]
[0.0796853368561749, 0.08597797063916031, 4.314309059395802E-7, 2.6001115830333915E-5]
[0.0021799191321660947, 7.881847221254993E-4, 0.0030552702876276944, 0.033460638996998165]
[0.003071374744488886, 0.5059811082669579, 1.906811801203504E-5, 0.0022751848416769213]
[0.25692405253165523, 4.937693274665734E-6, 0.0011027459942639468, 0.001006589053273642]
[0.0019049480524969927, 8.767389347138555E-7, 0.3575889912393855, 1.9825149421905957E-5]
[1.003431630009949, 5.152110893242187E-4, 9.20977767768646E-7, 0.1655438398047315]
[0.0015963428678649402, 0.011420902103843012, 2.5866506515573002E-6, 0.015830646444575103]
[0.0023995387824418324, 0.8625366915352232, 1.2865509829885389E-6, 0.02068886670605565]
[0.8026760967425508, 2.4028479854159876E-7, 0.021051787475574346, 2.3442867880542728E-7]
[0.19119697718053486, 0.03720987373123604, 0.001073178221119508, 4.0306874161774186E-5]
[1.9198513606631835E-4, 0.3564957310308309, 8.015177724992039E-5, 0.001969853369126248]
[0.5041082984179255, 5.6881908839652695E-6, 7.597059374803267E-4, 0.09256184485986581]
[0.008230548017427512, 0.0011602893331486657, 1.9105891081571774E-4, 0.756827971716208]
[0.18838353122150836, 0.2996711639036855, 0.01207761232641526, 7.257385444534024E-6]
[0.38778860230646883, 0.0033346676648718424, 0.002995327178422695, 6.736386397627167E-5]
[3.710029487106966E-9, 0.07583389163110615, 0.07321994139526222, 0.0011101069836519375]
[6.400299606785774E-7, 2.1444652797056323E-5, 0.09470836682032453, 1.2591371472064084E-5]
[0.16653432349136604, 0.006462419707862047, 0.005001116412037493, 4.4535457567058366E-5]
[9.428613466069029E-6, 0.21863990309090492, 0.003995512216441087, 0.04898849871538889]
[0.0033846330476411182, 0.7643393068352515, 1.7289952241322364E-6, 9.905942894338967E-5]
[0.06471088801337228, 4.460767625591306E-6, 0.06666680404044811, 0.008409085462414511]
[0.04812770284136324, 3.5677600334186953E-4, 0.06412288711350875, 0.004091729203330114]
[0.03389544210548142, 0.05958516213691075, 0.0014363159335902137, 8.387626197083651E-4]
[0.12247995740202956, 1.4394682710582753E-4, 0.008745205010559594, 0.19275237137814114]
[3.032328090856016E-6, 1.8228677486045795E-5, 7.58639581330822E-4, 0.2774375786669497]
[0.026126396849234297, 0.5640635020211154, 2.000878978466677E-4, 3.2224156873025367E-4]
[2.2815987642170166E-5, 0.0574935754897538, 2.6698921917212304E-5, 0.3271018391931091]
[0.06583980590968076, 0.060410253249755824, 0.08474581082322917, 1.0760171829987855E-7]
[0.1281762907904863, 0.0134279696799079, 0.019032483859131734, 0.0012080859049131217]
