[-0.016065218371319218, -9.807208761328868E-4, -0.4373113473329114, -1.1316844817448946]
[1.4949554314873728E-5, -0.43160970440568514, -0.4610638151964683, -1.1128985069122976]
[1.1028250812668977E-5, -0.585219865483103, 0.12695786870072046, -0.8045005351976502]
[-0.160886270537544, 4.607795881100829E-5, -0.37354111439308924, -0.5190684841357168]
[6.049137527538995E-6, -0.7083189124235962, -0.3657055257918541, -0.2998428459366057]
[-0.29706777775708126, 0.10571570667310581, -1.3137547572609955E-5, -0.15776172731006272]
[-0.1937863357627059, 4.3088414281841625E-5, -0.5135044589344983, 0.1359528509544865]
[-5.3718449700354554E-5, 0.0019295396660519108, -1.1422955566968895, 0.1012689278359839]
[-0.25597141638259324, -4.6797292843903104E-5, -0.3113605683514287, -0.07489692659045476]
[-2.9388201875976683E-4, 1.852293770873388, -0.04550054500842887, -0.041567698092167114]
[-1.8048604116120228, 0.033268614799282725, 0.04475778243583903, 0.0011881379555995619]
[-0.3305540420011544, -0.0195331521323297, -0.4870796380731734, 5.759964278640589E-5]
[-0.20181365674478835, 0.9267569789032398, 0.16355575601576816, 4.122364217343244E-5]
[-0.40856462646406744, 0.7367856607107314, 0.014697842056084348, 2.955821777014811E-5]
[-0.003882008178656705, 1.5318359659296354, 0.002413998108536569, 0.112679119706333]
[0.031676462809266996, -0.004457545084174314, -0.017826170625735313, -0.8733667516298469]
[-1.539172979658135, 0.18087024699065557, -0.005048636535937817, -0.003835897875035716]
[0.017425986365237622, 1.4423290067363888, -0.011353749482403572, 0.008172400999907174]
[-1.2622933486122514, 0.009947045375755623, 0.011132400885805499, 0.04170139546529446]
[-0.008291815292060627, 1.6453232958013424, -0.05873045961932852, -0.0037562779037708036]
[-0.20090580166038283, 1.2029098043908986, 0.2252437531211126, -7.55844840582727E-5]
[5.819098200688863E-5, -0.19112800814509273, -1.0642542705896223, 0.02057033087849342]
[-1.0540951621515484, 0.16799028545110567, -9.648001373823156E-4, 0.01862846491323948]
[0.15195979048974623, -0.015244357338274318, 2.6352085096353894E-5, -1.0019565479843067]
[0.04166277231951643, 1.1170060765083254, -3.056725256809145E-4, 0.041854314230469855]
[-1.0288764060616988, 0.005471535302891628, -8.050224078682104E-4, -0.6201838703864002]
[0.0020472739750561145, -1.3426731322318348E-4, -0.6474410564766393, 0.03213820585196592]
[0.04943611552199519, 0.029359733142008248, 0.021345616177833843, -0.558268140853746]
[-0.10215701419184002, -0.0011197545619071603, -0.016134874457671422, -1.0374210726925186]
[-0.1787092853824846, 0.023693588802687404, -0.007548850074564038, -0.6790542551159604]
[-0.2590790084021656, 4.075014440939051E-4, -0.04644610638237466, -0.4634058535268816]
[0.045570811577864065, 1.284780315833983, 0.016042774043292865, -0.0032138385686910215]
[0.0020469155600333095, 0.03033876896192081, -0.043132533082430785, -0.3831253492539289]
[-0.7177436937284882, -0.0013947507123913995, 0.014897879790055385, 0.03359248817846493]
[-0.08646615057887502, 2.708930988002678E-4, -0.2261200616293767, -0.5961794620228719]
[0.13324278443325305, 0.7310694690204407, 0.020674003705282037, -3.4240978425775087E-4]
[-3.175855455794935E-4, 1.338877104118288, -0.030712885452421637, -0.3354794177789631]
[-0.7658651615055044, 0.39705815165200775, 0.0412866316555045, -0.0011751979208906756]
[-0.9625093641080648, -0.06586071713505882, 0.0037240616908361807, -0.042321773777323726]
[-0.022872882755768986, 0.5814710920095961, 0.017919812458018977, -0.002033820996188998]
[-0.1738471393844957, 7.09134969575885E-5, -0.2691058023821322, -0.3243239981397127]
[-0.01996671637227708, 0.48405190111999774, 0.020882190090050948, -0.00415154369729398]
[0.016109181283883507, 0.8600918604809549, 0.10688770446918552, 0.005739488317232119]
[-0.7427166703290091, -0.012050927614858, 0.010536519845637748, 0.004985606477009047]
[-1.4160760295156996, 0.2249873464420097, -0.016929260469317652, 0.0023989830131300113]
[-0.01761514669487302, -0.003302568407122411, -0.1814681818089811, -0.21455998789102543]
[-7.347851307838455E-4, 1.0746159467582024, -0.33734051862468245, 0.03319745779697486]
[-0.8582283071133594, 0.05432227185847341, -0.11486461640543871, -0.0038172595444267154]
[-0.5880428029323971, 0.0043008690081836436, 0.017268789937887552, -0.24572180048373266]
[-1.354212802828786, 0.3737636655938248, -0.04159367311412532, 0.004909227428164367]
[-0.5189951150317036, 0.33894864166673977, 5.476522724640887E-4, -0.0212866191217172]
[0.001037950260533299, 0.09356694978841071, 0.03230259995156459, 0.2545858559011003]
[-0.5273142091989287, 0.21281727255654212, 0.0017156592632131314, -0.007319817355151047]
[-0.47724319706355217, -0.016016609548498328, -0.09234418905864021, -0.004999673042383135]
[0.004870000130651784, 0.09990131396464431, -0.5790956814292922, 8.66546630842166E-4]
[0.013547727349551453, 0.9016547270382874, -0.0033097716082026336, -0.13245832430962398]
[-0.3516335909300109, 0.018055670380560204, 0.00224546937379912, 0.10816154591665353]
[-1.416931259027345, 0.05903532136094411, 0.002158643416998135, 0.22607467277492613]
[-0.5580132565500071, -0.01716685180149065, -0.006357671404868952, 0.008635351631764598]
[0.029183300557080107, 0.3920504836080049, 0.0038518154572134006, -0.15591422768142552]
[-0.19461023129063548, -0.06173168547918401, 8.20787036939441E-4, 0.3036785591128505]
[0.13452787740675365, -0.0711324640198349, -0.0011784503212838304, -0.23011757030925115]
[-0.5483634693046587, 0.040161782358848014, -0.001100620162805991, -0.5016337096453986]
[-0.13346850593399318, 0.016833948107253232, -0.6344017122191536, 8.42111313124852E-4]
[-0.19172372073098637, 0.7891348106779268, -0.01148698525191047, 0.015768368161708263]
[-4.4180387954750357E-4, 0.3133432706407905, -0.08952685156258816, -0.11350980939676926]
[-0.6459412888633295, 0.14059536762459174, -0.0011775350428803177, 0.10149315660144559]
[0.06934592698882096, 0.5113676715633717, 2.3652789883653325E-4, 0.2296912852947038]
[-0.3465624712935514, 0.8899414193849025, -0.35980284850621136, 2.6752172950910303E-4]
[0.0038060589827665497, 0.6286834895721842, -0.27046020853578495, 0.010777679429103626]
[0.0616596521305946, -0.017810139433439988, -0.6042758823820349, -0.0025903653719963615]
[-0.28228591331516156, -0.2932200038182257, 6.568340018144464E-4, -0.005099128928585148]
[0.04668960411232992, 0.028074627729063467, -0.05527449943353349, 0.18292249450791492]
[0.055419985063954014, 0.7113234905912765, -0.004366705624613942, 0.047698897698761566]
[-0.5068767626668786, 0.0022220920941009026, 0.033207619521187406, -0.03172678762928327]
[0.043645710585314024, -9.363433850430383E-4, -0.5979874507373758, -0.00445254415159535]
[-1.0017143455147026, -0.022698261812839737, -9.596758659925996E-4, -0.4068707900608392]
[-0.039954259696119265, -0.10686862076326714, -0.00160830676537696, 0.12581989685488978]
[0.0489850873474962, 0.9287285348987739, -0.0011342623078408887, 0.14383624962454927]
[-0.8959219255842279, -4.901885336700551E-4, -0.14509234120233344, 4.841783543338418E-4]
[-0.43726076565424304, 0.1928986099774595, 0.032759398973722154, -0.006348769499814447]
[-0.01385587009416292, 0.5970726346357124, 0.008952752495736738, 0.04438303019315207]
[-0.7100058439322352, 0.002384992847780737, 0.027562763603824758, -0.30423978184955663]
[-0.09072236779001919, 0.034063020023900784, 0.013822406115279559, -0.869958603449732]
[-0.43403171683819186, -0.5474222902875672, 0.10989819073312927, -0.0026939534970993884]
[-0.6227267477043754, -0.057746581412858045, 0.05472958229716992, -0.008207549206448395]
[-6.091001138652796E-5, -0.27537954105399, 0.2705918354187026, 0.03331826801698938]
[8.000187252049651E-4, -0.004630837159419053, -0.30774724502475165, -0.003548432255526951]
[-0.4080861716492805, 0.08038917655917398, 0.07071857190326664, 0.0066734891598816855]
[0.0030706047394721825, -0.4675894599869686, 0.06321006420215919, -0.22133345593332449]
[-0.05817759919110721, 0.8742650094995519, 0.0013149126298474118, 0.009952860339791253]
[0.25438334853793454, -0.002112052941001079, -0.25819915577020797, -0.09170106576487817]
[-0.21938026994550636, -0.018888515117442915, -0.25322497332117294, 0.06396662569911057]
[-0.1841071484366683, 0.24410072129535126, -0.037898758998022794, -0.028961398787150545]
[-0.3499713665459355, -0.011997784258179822, -0.09351580086038719, -0.4390357290450757]
[0.0017413581167743802, 0.0042695055317970715, 0.027543412666748868, -0.5267234366030713]
[0.16163661976555405, 0.7510416113779019, 0.014145242940531905, 0.017951088232479213]
[-0.004776608382751318, 0.2397781797615325, 0.005167099952314867, -0.5719281766035916]
[-0.2565926848327535, 0.24578497360448182, -0.2911113375037619, -3.280270084914938E-4]
[-0.3580171654969721, -0.11587911666865562, -0.13795826854209114, -0.034757530190062724]
